Gender,Married,Dependents,Education,Self_Employed,Loan_Amount_Term,Credit_History,Property_Area,LoanAmount,Total_Income,Loan_Status
1.0,0.0,0.0,0.0,0.0,0.7435897435897436,1.0,1.0,0.6017114746069032,0.3475195388451888,1
1.0,1.0,0.3333333333333333,0.0,0.0,0.7435897435897436,1.0,0.0,0.6017114746069032,0.35758344608893977,0
1.0,1.0,0.0,0.0,1.0,0.7435897435897436,1.0,1.0,0.44756284256837575,0.18179470173543155,1
1.0,1.0,0.0,1.0,0.0,0.7435897435897436,1.0,1.0,0.5866472341800641,0.3056420417682817,1
1.0,0.0,0.0,0.0,0.0,0.7435897435897436,1.0,1.0,0.624303568132514,0.35384677902213135,1
1.0,1.0,0.6666666666666666,0.0,1.0,0.7435897435897436,1.0,1.0,0.7737556767214626,0.470858942841452,1
1.0,1.0,0.0,1.0,0.0,0.7435897435897436,1.0,1.0,0.5321892203889793,0.2436476897045814,1
1.0,1.0,1.0,0.0,0.0,0.7435897435897436,0.0,0.5,0.650910438444966,0.33404629856462287,0
1.0,1.0,0.6666666666666666,0.0,0.0,0.7435897435897436,1.0,1.0,0.6652623492110561,0.33368757953948536,1
1.0,1.0,0.3333333333333333,0.0,0.0,0.7435897435897436,1.0,0.5,0.836567682235287,0.6960189374942651,0
1.0,1.0,0.6666666666666666,0.0,0.0,0.7435897435897436,1.0,1.0,0.46120715105597054,0.24691497888072234,1
1.0,1.0,0.6666666666666666,0.0,0.0,0.7435897435897436,1.0,1.0,0.5642209021210502,0.2734489357757821,1
1.0,1.0,0.6666666666666666,0.0,0.0,0.7435897435897436,1.0,1.0,0.7060645476366747,0.5083256617444964,1
1.0,0.0,0.0,0.0,0.0,0.7435897435897436,1.0,0.0,0.5746803303801158,0.2928594277795258,0
1.0,1.0,0.6666666666666666,0.0,0.0,0.2307692307692308,1.0,1.0,0.13830525715110464,0.1248577095165162,1
1.0,0.0,0.0,0.0,0.0,0.7435897435897436,1.0,1.0,0.5961747864008986,0.30609377650500025,1
1.0,0.0,0.3333333333333333,1.0,0.0,0.4871794871794872,1.0,1.0,0.5441358669126808,0.22677146867394327,1
0.0,0.0,0.0,0.0,0.0,0.7435897435897436,0.0,1.0,0.48029586130880775,0.2207633141686982,0
1.0,1.0,0.0,1.0,0.0,0.7435897435897436,1.0,0.0,0.6106592596449192,0.30291423578301324,0
1.0,1.0,0.0,0.0,0.0,0.7435897435897436,1.0,1.0,0.5767175586222981,0.3579499687928769,1
1.0,1.0,0.0,1.0,0.0,0.7435897435897436,0.0,1.0,0.5532748172415494,0.4144804271869911,0
1.0,1.0,0.3333333333333333,0.0,0.0,0.7435897435897436,1.0,1.0,0.812522318154828,0.517074831451019,1
1.0,1.0,0.0,1.0,0.0,0.7435897435897436,0.0,0.5,0.5787372997111075,0.2830413634251865,0
1.0,1.0,0.6666666666666666,1.0,0.0,0.7435897435897436,0.0,0.0,0.5705521825286981,0.3222081698355319,0
1.0,1.0,0.3333333333333333,0.0,0.0,0.7435897435897436,1.0,0.5,0.6403164386111126,0.3790811826368554,0
1.0,1.0,0.0,0.0,1.0,0.7435897435897436,1.0,0.5,0.6952856374655227,0.46948644879185397,1
1.0,1.0,0.0,0.0,0.0,0.7435897435897436,1.0,0.5,0.5905046712607245,0.31115680540042523,1
1.0,1.0,0.6666666666666666,1.0,0.0,0.7435897435897436,1.0,1.0,0.5663503138676842,0.3214550974490067,1
1.0,0.0,0.0,1.0,0.0,0.7435897435897436,1.0,1.0,0.3014016742276481,0.0,0
0.0,0.0,0.6666666666666666,0.0,0.0,0.7435897435897436,1.0,0.5,0.5866472341800641,0.34683955659999444,1
1.0,1.0,0.3333333333333333,0.0,0.0,0.7435897435897436,1.0,1.0,0.7072322839892242,0.4103960032635634,0
1.0,0.0,0.0,0.0,0.0,0.7435897435897436,1.0,1.0,0.47410344097724844,0.1952401934667536,0
1.0,0.0,0.3333333333333333,0.0,1.0,0.7435897435897436,1.0,0.0,0.557714541259793,0.29280652943862395,0
1.0,1.0,0.0,0.0,0.0,0.7435897435897436,1.0,0.5,0.5746803303801158,0.316743972322856,1
1.0,0.0,1.0,0.0,0.0,0.7435897435897436,1.0,0.0,0.816216246328092,0.5894575857896742,0
1.0,1.0,0.0,0.0,0.0,0.7435897435897436,1.0,1.0,0.6017114746069032,0.2735632970684916,1
1.0,1.0,0.0,0.0,0.0,0.7435897435897436,0.0,1.0,0.5441358669126808,0.19453385341116047,0
0.0,1.0,0.0,0.0,0.0,0.7435897435897436,1.0,0.5,0.6292228774547044,0.3147664168760336,1
1.0,0.0,0.0,0.0,0.0,0.7435897435897436,1.0,1.0,0.6865467617848786,0.512662415826117,1
1.0,0.0,0.0,1.0,0.0,0.7435897435897436,1.0,0.5,0.5663503138676842,0.328427055806096,1
1.0,0.0,0.0,0.0,0.0,0.7435897435897436,1.0,1.0,0.4922122502111592,0.2270474101995228,0
1.0,0.0,0.0,0.0,0.0,0.7435897435897436,1.0,1.0,0.369092803312436,0.18286789333395248,1
1.0,1.0,0.0,0.0,0.0,0.7435897435897436,1.0,1.0,0.4772200215345692,0.12641366841361612,1
1.0,1.0,0.0,0.0,0.0,0.7435897435897436,1.0,0.5,0.6124086981283534,0.36505042363501583,1
1.0,1.0,0.0,1.0,1.0,0.7435897435897436,1.0,1.0,0.5346275675161503,0.29296519066167126,1
0.0,0.0,0.0,0.0,0.0,0.7435897435897436,1.0,1.0,0.5143743504713745,0.21358921313677492,1
1.0,1.0,0.3333333333333333,0.0,0.0,0.7435897435897436,1.0,1.0,0.35390699306005435,0.338882898920293,1
1.0,1.0,0.0,0.0,0.0,0.7435897435897436,1.0,1.0,0.6292228774547044,0.34632834496691545,1
0.0,1.0,0.0,0.0,0.0,0.7435897435897436,0.0,1.0,0.5866472341800641,0.35733879667310275,0
0.0,0.0,0.0,0.0,0.0,0.7435897435897436,1.0,0.5,0.6292228774547044,0.36497131630215596,1
0.0,1.0,0.0,1.0,0.0,0.7435897435897436,1.0,0.5,0.5441358669126808,0.22510934790842563,1
0.0,0.0,0.0,0.0,0.0,0.7435897435897436,1.0,0.5,0.5866472341800641,0.18880960303487626,1
0.0,0.0,0.0,0.0,0.0,0.7435897435897436,1.0,0.5,0.5705521825286981,0.2670765328173672,0
1.0,1.0,0.6666666666666666,0.0,0.0,0.7435897435897436,1.0,1.0,0.6124086981283534,0.28875291511532697,0
0.0,1.0,0.3333333333333333,0.0,1.0,0.7435897435897436,0.0,1.0,0.7898724954422198,0.5153538065399241,0
1.0,1.0,0.6666666666666666,0.0,0.0,0.7435897435897436,1.0,0.5,0.537040905514095,0.24531873857405517,1
1.0,1.0,0.0,0.0,0.0,0.7435897435897436,1.0,0.5,0.5346275675161503,0.23538627962160708,1
1.0,1.0,0.0,0.0,0.0,0.7435897435897436,1.0,0.0,0.6141452255090323,0.33520856885682293,0
1.0,1.0,0.3333333333333333,0.0,0.0,0.7435897435897436,1.0,1.0,0.6814034227474848,0.48871728623827004,1
1.0,1.0,0.6666666666666666,1.0,0.0,0.7435897435897436,1.0,1.0,0.6292228774547044,0.3626262378954632,1
1.0,1.0,0.0,0.0,0.0,0.7435897435897436,1.0,1.0,0.5866472341800641,0.36580068883888184,1
1.0,1.0,1.0,0.0,0.0,0.7435897435897436,1.0,1.0,0.5417945700620366,0.18418240791798457,1
1.0,1.0,0.0,1.0,1.0,0.358974358974359,0.0,0.0,0.6610479369888751,0.3562348811819642,0
1.0,1.0,0.3333333333333333,0.0,0.0,0.7435897435897436,0.0,0.0,0.6017114746069032,0.30584291424047083,0
0.0,0.0,0.0,0.0,0.0,0.7435897435897436,0.0,0.5,0.5787372997111075,0.26329226923132754,0
1.0,1.0,0.0,0.0,0.0,0.7435897435897436,1.0,0.5,0.7657181380491793,0.4885009006865164,0
1.0,0.0,0.0,1.0,0.0,0.358974358974359,0.0,1.0,0.5980348624282088,0.3301626364129244,0
1.0,1.0,0.3333333333333333,0.0,0.0,0.7435897435897436,1.0,1.0,0.8102778013696912,0.49861110191053437,1
1.0,1.0,1.0,1.0,1.0,0.10256410256410257,1.0,1.0,0.5961747864008986,0.39563438530801887,1
0.0,0.0,0.0,0.0,0.0,0.7435897435897436,0.0,0.5,0.6158690309631798,0.2711505776632468,0
1.0,1.0,0.0,0.0,0.0,0.7435897435897436,1.0,1.0,0.6707666561616454,0.36493175318167004,1
1.0,1.0,0.6666666666666666,1.0,1.0,0.7435897435897436,1.0,0.5,0.537040905514095,0.23717987023824194,1
1.0,0.0,0.0,0.0,0.0,0.6153846153846154,1.0,0.5,0.4950993832689692,0.22005516091598332,1
1.0,1.0,1.0,1.0,0.0,0.7435897435897436,0.0,0.5,0.5321892203889793,0.2961173070008838,0
1.0,1.0,1.0,0.0,1.0,0.7435897435897436,1.0,0.5,0.6903318041329845,0.39352764070218726,1
1.0,0.0,0.0,0.0,0.0,1.0000000000000002,1.0,1.0,0.5726253095263247,0.23717987023824194,0
1.0,0.0,0.0,0.0,0.0,0.7435897435897436,1.0,1.0,0.6761451392974103,0.4403116257993098,0
1.0,1.0,0.3333333333333333,0.0,1.0,0.7435897435897436,1.0,1.0,0.5663503138676842,0.25456070171649237,0
1.0,1.0,1.0,0.0,0.0,0.6153846153846154,0.0,0.5,0.6814034227474848,0.39796598142727757,0
1.0,1.0,1.0,1.0,1.0,0.7435897435897436,1.0,0.5,0.6053315212724693,0.3322023605815245,1
0.0,0.0,0.0,0.0,0.0,0.7435897435897436,1.0,0.5,0.568460627493931,0.24345415063118536,1
1.0,1.0,0.3333333333333333,0.0,1.0,0.7435897435897436,1.0,0.5,0.6017114746069032,0.12589609815721725,1
0.0,1.0,0.6666666666666666,0.0,0.0,0.7435897435897436,1.0,1.0,0.6638659154856865,0.20234758897429894,0
1.0,1.0,0.0,0.0,0.0,0.7435897435897436,1.0,0.5,0.7719931337078199,0.4329006660273531,0
1.0,1.0,0.3333333333333333,0.0,0.0,0.4871794871794872,1.0,1.0,0.3833576793477008,0.2524534837974042,1
1.0,0.0,0.0,0.0,0.0,0.7435897435897436,1.0,0.5,0.6158690309631798,0.30342165137365495,1
1.0,1.0,0.6666666666666666,1.0,0.0,0.7435897435897436,1.0,0.5,0.5417945700620366,0.3245934564249311,1
1.0,1.0,0.0,0.0,0.0,0.7435897435897436,1.0,0.5,0.5532748172415494,0.28886044147563994,1
1.0,0.0,0.0,0.0,0.0,0.7435897435897436,1.0,1.0,0.7174890435087116,0.4422317633165622,1
1.0,1.0,0.0,0.0,0.0,0.7435897435897436,1.0,0.5,0.6748120003651872,0.47720742366340096,1
1.0,1.0,0.0,0.0,0.0,0.7435897435897436,1.0,0.5,0.6071208712803995,0.3479012120365448,1
1.0,1.0,0.6666666666666666,0.0,0.0,0.358974358974359,1.0,0.5,0.6915800743926543,0.5239254908228019,1
1.0,1.0,0.6666666666666666,1.0,0.0,0.7435897435897436,1.0,1.0,0.4950993832689692,0.31316320497545136,1
1.0,0.0,0.0,0.0,0.0,0.7435897435897436,1.0,0.5,0.5905046712607245,0.26131823499187745,1
1.0,0.0,0.0,1.0,0.0,0.2307692307692308,1.0,0.5,0.2248303066510532,0.22842253618554698,1
1.0,0.0,0.0,0.0,0.0,0.7435897435897436,1.0,1.0,0.6017114746069032,0.38425922979811866,0
0.0,1.0,0.0,0.0,0.0,0.7435897435897436,1.0,0.5,0.617580299539465,0.2977303545325831,1
1.0,1.0,0.0,0.0,0.0,0.7435897435897436,1.0,0.5,0.3833576793477008,0.1796343007498895,1
1.0,1.0,0.0,1.0,0.0,0.358974358974359,1.0,0.5,0.5767175586222981,0.26459962600172493,1
1.0,1.0,0.0,0.0,0.0,0.7435897435897436,1.0,0.5,0.6071208712803995,0.32305265487447454,1
1.0,1.0,0.6666666666666666,1.0,0.0,0.358974358974359,1.0,1.0,0.6106592596449192,0.41092257474850347,1
1.0,0.0,0.0,0.0,0.0,0.7435897435897436,1.0,0.5,0.6403164386111126,0.44462559077701536,1
1.0,1.0,0.0,0.0,0.0,0.7435897435897436,1.0,1.0,0.6017114746069032,0.5579034520428208,1
1.0,1.0,0.0,0.0,0.0,0.7435897435897436,1.0,0.5,0.6017114746069032,0.43244889475801407,1
1.0,1.0,0.0,0.0,0.0,0.7435897435897436,1.0,1.0,0.6538517066444165,0.2862668680802021,1
1.0,1.0,0.3333333333333333,0.0,0.0,0.7435897435897436,1.0,1.0,0.5441358669126808,0.2582362442256956,1
1.0,1.0,0.6666666666666666,0.0,0.0,0.7435897435897436,1.0,1.0,0.7336485996052415,0.5369064726513406,1
1.0,0.0,0.0,1.0,0.0,0.7435897435897436,1.0,0.0,0.5866472341800641,0.4036501640646335,0
1.0,1.0,0.6666666666666666,0.0,0.0,0.7435897435897436,0.0,1.0,0.7240866269056878,0.4059080215335731,0
1.0,1.0,1.0,1.0,0.0,1.0000000000000002,1.0,0.5,0.5297253403669755,0.1668773228432998,1
1.0,0.0,0.0,0.0,0.0,0.7435897435897436,1.0,1.0,0.6158690309631798,0.323800904413001,1
0.0,1.0,0.0,0.0,0.0,0.7435897435897436,1.0,0.5,0.6209659463263373,0.3212664719036893,1
1.0,1.0,0.0,1.0,0.0,0.7435897435897436,0.0,0.0,0.6418593844159997,0.41532161087074315,0
0.0,0.0,0.3333333333333333,0.0,1.0,0.7435897435897436,1.0,0.5,0.6017114746069032,0.4076130301148402,1
1.0,0.0,0.0,0.0,0.0,0.7435897435897436,1.0,0.5,0.582725503529196,0.31105851626134196,1
1.0,1.0,0.3333333333333333,0.0,0.0,0.358974358974359,1.0,0.0,0.6878152198007361,0.5743176952608986,1
0.0,1.0,0.0,0.0,0.0,0.7435897435897436,1.0,0.5,0.6449152506413869,0.3299805140045511,1
1.0,1.0,0.3333333333333333,0.0,0.0,0.7435897435897436,1.0,1.0,0.5063061866151477,0.2278733994129809,1
1.0,1.0,0.0,0.0,0.0,0.7435897435897436,1.0,0.0,0.6748120003651872,0.4160955666462034,0
0.0,0.0,0.0,0.0,0.0,0.7435897435897436,1.0,1.0,0.7666248767130897,0.49058476970461196,1
1.0,1.0,0.0,0.0,0.0,0.7435897435897436,1.0,0.0,0.6814034227474848,0.43541550513578353,1
0.0,0.0,0.0,0.0,0.0,0.7435897435897436,1.0,0.5,0.35390699306005435,0.26329226923132754,1
0.0,0.0,0.0,0.0,0.0,0.7435897435897436,0.0,0.5,0.617580299539465,0.5069449730621776,1
1.0,1.0,0.6666666666666666,0.0,0.0,0.7435897435897436,1.0,0.5,0.4950993832689692,0.17821149821951576,1
1.0,1.0,0.0,1.0,0.0,0.7435897435897436,1.0,0.0,0.6989337476283017,0.3665093811243001,1
0.0,0.0,0.0,0.0,0.0,0.7435897435897436,1.0,0.0,0.527235387056441,0.23331086529172462,1
1.0,1.0,1.0,0.0,0.0,0.7435897435897436,1.0,0.0,0.8502782626264611,0.6959563647139746,1
1.0,0.0,0.0,0.0,0.0,0.7435897435897436,1.0,0.0,0.6017114746069032,0.33247306207526806,1
1.0,1.0,0.3333333333333333,0.0,1.0,0.358974358974359,0.0,1.0,0.6538517066444165,0.5705438738369926,0
1.0,1.0,0.0,0.0,0.0,0.7435897435897436,1.0,0.0,0.6839891453848477,0.44462559077701536,0
1.0,0.0,0.0,0.0,1.0,1.0000000000000002,1.0,1.0,0.9825883319739865,0.6547903155035952,1
1.0,0.0,0.0,0.0,0.0,0.7435897435897436,1.0,1.0,0.47410344097724844,0.2496367319683166,1
1.0,0.0,0.0,0.0,0.0,0.7435897435897436,1.0,0.5,0.46120715105597054,0.15729424517484936,1
1.0,1.0,0.0,0.0,1.0,0.2307692307692308,1.0,0.5,0.2248303066510532,0.2171304286760083,1
1.0,0.0,0.0,0.0,0.0,0.7435897435897436,1.0,0.5,0.548749708701965,0.3033202511835251,1
1.0,1.0,1.0,0.0,0.0,0.7435897435897436,1.0,0.5,0.7931292725844492,0.5206928726368869,0
0.0,1.0,0.0,0.0,0.0,0.7435897435897436,1.0,0.0,0.5035541272648951,0.28697197367854854,0
1.0,1.0,0.6666666666666666,0.0,1.0,0.7435897435897436,1.0,1.0,0.5143743504713745,0.38550062419477293,1
1.0,0.0,0.0,0.0,0.0,0.7435897435897436,0.0,0.5,0.750713955279458,0.5813005648440519,0
1.0,1.0,0.6666666666666666,1.0,0.0,0.7435897435897436,1.0,0.0,0.6035284596365462,0.33804657353423306,0
1.0,1.0,0.6666666666666666,0.0,0.0,0.7435897435897436,1.0,0.0,0.6878152198007361,0.39650694669703257,0
1.0,0.0,0.0,0.0,0.0,0.7435897435897436,1.0,1.0,0.6652623492110561,0.3284728847609253,1
1.0,0.0,0.0,0.0,1.0,0.358974358974359,1.0,0.5,0.6748120003651872,0.39033362115363723,1
1.0,1.0,0.0,0.0,0.0,0.7435897435897436,1.0,0.5,0.5905046712607245,0.2949137210569519,1
1.0,1.0,0.6666666666666666,0.0,0.0,0.358974358974359,1.0,1.0,0.6903318041329845,0.5208407265299442,1
0.0,1.0,0.0,0.0,0.0,0.7435897435897436,1.0,0.5,0.5441358669126808,0.38550062419477293,1
0.0,1.0,0.6666666666666666,0.0,0.0,0.7435897435897436,1.0,1.0,0.46120715105597054,0.5790893457442301,1
1.0,1.0,0.3333333333333333,0.0,0.0,0.7435897435897436,1.0,1.0,0.26621709765589374,0.17871459537663092,1
0.0,0.0,0.0,0.0,0.0,0.7435897435897436,1.0,0.0,0.7336485996052415,0.5189117237889433,0
1.0,1.0,0.0,0.0,0.0,0.7435897435897436,1.0,0.5,0.5961747864008986,0.34067805934582096,1
1.0,0.0,0.0,0.0,0.0,0.7435897435897436,0.0,0.0,0.582725503529196,0.36505042363501583,0
1.0,1.0,0.0,0.0,1.0,0.7435897435897436,1.0,0.0,0.6418593844159997,0.36701995928526876,1
1.0,0.0,0.0,0.0,0.0,0.7435897435897436,1.0,1.0,0.7526426414230447,0.4590383378997982,0
1.0,1.0,0.6666666666666666,1.0,0.0,0.7435897435897436,1.0,0.0,0.5726253095263247,0.11379291809735537,0
1.0,0.0,0.0,0.0,0.0,0.7435897435897436,1.0,1.0,0.3833576793477008,0.2019665016207648,1
1.0,1.0,1.0,0.0,0.0,0.358974358974359,0.0,0.5,0.9637845297530565,0.8248192452643155,1
1.0,1.0,0.3333333333333333,0.0,0.0,0.7435897435897436,1.0,0.0,0.6538517066444165,0.35384677902213135,1
1.0,1.0,0.3333333333333333,0.0,0.0,0.7435897435897436,1.0,1.0,0.6903318041329845,0.4689144983854263,1
1.0,0.0,0.0,0.0,0.0,0.7435897435897436,1.0,0.0,0.5866472341800641,0.31169670123102855,1
1.0,1.0,0.0,0.0,0.0,0.7435897435897436,1.0,0.5,0.7629767665503107,0.4857678883430909,1
1.0,1.0,0.0,1.0,0.0,0.7435897435897436,1.0,0.5,0.5394297421956116,0.17372263189209347,1
1.0,1.0,0.0,0.0,0.0,0.7435897435897436,1.0,1.0,0.7806767166160082,0.4231738440214816,0
1.0,1.0,0.3333333333333333,0.0,0.0,0.7435897435897436,0.0,0.5,0.5885838573930919,0.2751020408383915,0
1.0,1.0,0.6666666666666666,0.0,0.0,0.7435897435897436,1.0,0.0,0.650910438444966,0.33734010786224133,1
1.0,1.0,0.0,0.0,0.0,0.358974358974359,1.0,1.0,0.4772200215345692,0.4632545122091625,1
1.0,1.0,0.0,0.0,0.0,0.7435897435897436,1.0,0.0,0.6839891453848477,0.38756796016809525,1
0.0,1.0,0.0,0.0,0.0,0.7435897435897436,1.0,0.0,0.5705521825286981,0.28697197367854854,0
1.0,1.0,0.0,0.0,0.0,0.7435897435897436,1.0,0.0,0.6035284596365462,0.3442299038864862,1
1.0,0.0,0.0,0.0,0.0,1.0000000000000002,0.0,0.5,0.4367839323972238,0.10895902738295238,0
1.0,1.0,0.6666666666666666,0.0,0.0,0.7435897435897436,1.0,0.5,0.7060645476366747,0.42526166934759346,1
1.0,1.0,0.0,1.0,0.0,0.7435897435897436,1.0,0.0,0.5321892203889793,0.22628783180622736,1
1.0,1.0,1.0,0.0,0.0,0.6153846153846154,1.0,1.0,1.0,0.8888292485818952,1
1.0,1.0,1.0,1.0,0.0,0.358974358974359,1.0,0.0,0.4950993832689692,0.22161044047958423,0
1.0,1.0,0.0,0.0,0.0,0.7435897435897436,1.0,0.5,0.6903318041329845,0.5117222562271009,1
1.0,1.0,0.0,1.0,1.0,0.7435897435897436,1.0,0.5,0.511715583288644,0.31252878326276456,0
1.0,1.0,0.0,0.0,0.0,0.7435897435897436,1.0,0.0,0.5787372997111075,0.3304810295195939,1
1.0,1.0,0.6666666666666666,0.0,0.0,0.7435897435897436,1.0,0.0,0.5464540964242441,0.23142126820155062,1
1.0,1.0,1.0,0.0,0.0,0.7435897435897436,0.0,0.5,0.9186027659620675,0.6096887322391125,0
1.0,1.0,0.3333333333333333,0.0,0.0,0.7435897435897436,1.0,0.5,0.5787372997111075,0.23717987023824194,1
1.0,0.0,0.0,1.0,0.0,1.0000000000000002,0.0,1.0,0.548749708701965,0.23942018913088803,0
1.0,1.0,0.3333333333333333,0.0,0.0,0.7435897435897436,0.0,1.0,0.6814034227474848,0.5579034520428208,0
1.0,0.0,0.0,0.0,0.0,0.7435897435897436,1.0,0.0,0.45104880843248885,0.3913672989801744,0
1.0,1.0,0.0,0.0,0.0,0.358974358974359,1.0,0.5,0.4709450258759287,0.28789102364587715,1
1.0,1.0,0.3333333333333333,0.0,0.0,0.7435897435897436,1.0,0.5,0.7675281346058094,0.7833495376264354,0
0.0,1.0,0.0,0.0,0.0,0.7435897435897436,1.0,0.5,0.5620720434227042,0.22876513091643935,1
1.0,1.0,0.0,0.0,1.0,0.7435897435897436,1.0,0.5,0.5866472341800641,0.8479064780584313,1
1.0,1.0,0.3333333333333333,0.0,1.0,0.6153846153846154,0.0,0.0,0.44756284256837575,0.10232588513340835,0
1.0,1.0,0.0,0.0,0.0,0.7435897435897436,1.0,0.0,0.41764343422911154,0.2835910168754563,1
1.0,1.0,0.0,0.0,1.0,0.7435897435897436,1.0,0.0,0.6652623492110561,0.35260248125190086,1
1.0,1.0,0.0,0.0,0.0,0.358974358974359,1.0,0.0,0.6915800743926543,0.46338761592868694,1
1.0,0.0,0.0,1.0,0.0,0.7435897435897436,1.0,0.0,0.37394448843755146,0.30281262810323084,1
1.0,0.0,0.0,0.0,0.0,0.7435897435897436,1.0,0.5,0.6596261901128058,0.5259195384159849,0
1.0,1.0,0.0,1.0,0.0,0.7435897435897436,1.0,1.0,0.6538517066444165,0.3552083422099195,0
1.0,0.0,0.0,0.0,0.0,0.7435897435897436,1.0,0.5,0.48029586130880775,0.24422740335717852,1
1.0,0.0,0.0,0.0,0.0,0.7435897435897436,1.0,0.0,0.5866472341800641,0.2647773697358995,1
1.0,1.0,0.3333333333333333,0.0,0.0,0.7435897435897436,1.0,0.5,0.6680305975180805,0.34146209693026797,0
1.0,0.0,0.0,0.0,0.0,0.7435897435897436,1.0,0.0,0.6903318041329845,0.5276307433675071,1
0.0,0.0,0.0,1.0,0.0,0.7435897435897436,1.0,1.0,0.5866472341800641,0.26952897307929,1
0.0,1.0,0.0,0.0,0.0,0.7435897435897436,1.0,0.5,0.5726253095263247,0.36326438343446266,1
1.0,0.0,0.0,0.0,1.0,0.7435897435897436,1.0,1.0,0.5007694984091431,0.5043183769872954,0
1.0,1.0,0.3333333333333333,1.0,0.0,0.7435897435897436,1.0,0.5,0.5196034188243037,0.3135041463796078,1
1.0,0.0,0.6666666666666666,0.0,0.0,0.7435897435897436,0.0,0.5,0.6624611447931754,0.304736099040525,1
1.0,1.0,1.0,1.0,0.0,0.358974358974359,1.0,1.0,0.6017114746069032,0.2527023220663749,0
1.0,1.0,0.3333333333333333,1.0,0.0,0.7435897435897436,1.0,1.0,0.6141452255090323,0.28697197367854854,1
1.0,1.0,0.6666666666666666,1.0,0.0,0.7435897435897436,1.0,0.5,0.5942998888944429,0.2479945897788005,1
0.0,0.0,0.0,1.0,0.0,0.7435897435897436,1.0,0.5,0.5866472341800641,0.27730796857943596,1
0.0,0.0,0.0,0.0,0.0,0.7435897435897436,1.0,1.0,0.4922122502111592,0.20120256759626343,1
1.0,0.0,0.0,1.0,0.0,0.7435897435897436,1.0,0.0,0.4053642104173878,0.3739455079297118,1
1.0,0.0,0.0,0.0,0.0,0.7435897435897436,1.0,1.0,0.42159812214484227,0.13445124414550258,1
1.0,0.0,0.0,0.0,0.0,0.7435897435897436,1.0,0.5,0.5998803494737672,0.2141708318205222,0
0.0,0.0,0.0,0.0,0.0,0.7435897435897436,1.0,0.5,0.7219079225240974,0.4806571785162894,0
1.0,1.0,1.0,0.0,0.0,0.7435897435897436,0.0,0.5,0.6017114746069032,0.2921708686806863,0
1.0,1.0,0.3333333333333333,0.0,1.0,0.7435897435897436,1.0,1.0,0.748769329400258,0.41856251176084425,1
1.0,1.0,1.0,1.0,1.0,0.7435897435897436,1.0,0.0,0.6053315212724693,0.34124455695132583,1
1.0,1.0,0.0,0.0,0.0,0.7435897435897436,1.0,1.0,0.617580299539465,0.3617461009818468,1
1.0,1.0,1.0,1.0,0.0,0.7435897435897436,1.0,0.5,0.5441358669126808,0.3001561264576311,1
1.0,1.0,0.0,0.0,0.0,0.7435897435897436,1.0,0.0,0.6141452255090323,0.07488516885245855,0
1.0,1.0,0.0,0.0,0.0,0.7435897435897436,1.0,0.5,0.6071208712803995,0.33233774822211415,1
1.0,1.0,0.6666666666666666,0.0,0.0,0.7435897435897436,0.0,0.5,0.4677436378236901,0.3085885559574384,0
0.0,1.0,0.6666666666666666,0.0,0.0,0.7435897435897436,1.0,0.5,0.5998803494737672,0.37997655260649466,1
1.0,1.0,0.0,0.0,0.0,0.7435897435897436,0.0,1.0,0.4254874403165486,0.10717765032692039,0
1.0,1.0,0.6666666666666666,0.0,0.0,0.7435897435897436,1.0,0.5,0.5787372997111075,0.3422436663965154,1
1.0,0.0,0.0,0.0,0.0,0.7435897435897436,1.0,0.5,0.6292228774547044,0.34379946279031715,1
1.0,1.0,0.0,0.0,0.0,0.7435897435897436,1.0,0.5,0.6748120003651872,0.44286852327923776,1
1.0,1.0,0.0,0.0,0.0,0.7435897435897436,1.0,0.5,0.6017114746069032,0.36398034203978047,1
1.0,1.0,0.0,0.0,0.0,0.7435897435897436,1.0,0.0,0.6680305975180805,0.20166121002117676,0
1.0,1.0,0.0,1.0,1.0,0.7435897435897436,1.0,1.0,0.6192792122782118,0.29507104181123833,0
1.0,1.0,0.6666666666666666,0.0,0.0,0.7435897435897436,1.0,0.5,0.7174890435087116,0.4235490758743896,1
1.0,1.0,0.0,0.0,0.0,1.0000000000000002,1.0,0.5,0.650910438444966,0.2962738671923557,1
1.0,0.0,0.0,0.0,1.0,0.7435897435897436,1.0,0.0,0.7060645476366747,0.36986771152595144,1
1.0,1.0,0.3333333333333333,0.0,0.0,0.7435897435897436,1.0,0.5,0.5532748172415494,0.28490524153431784,1
1.0,1.0,0.0,0.0,0.0,0.358974358974359,1.0,0.0,0.34320976953860427,0.2349191518035021,1
1.0,0.0,0.0,1.0,0.0,0.7435897435897436,1.0,0.0,0.5866472341800641,0.34487416952458294,1
0.0,0.0,0.0,0.0,0.0,0.7435897435897436,1.0,0.5,0.7849012177391277,0.4353857159027903,1
1.0,1.0,0.3333333333333333,0.0,0.0,0.7435897435897436,1.0,0.5,0.6226406750481968,0.30529012340733064,1
1.0,1.0,0.3333333333333333,0.0,0.0,0.7435897435897436,1.0,0.0,0.6680305975180805,0.3834526543743595,1
1.0,1.0,0.0,0.0,0.0,0.7435897435897436,1.0,1.0,0.7629767665503107,0.3431092010436505,0
0.0,0.0,0.0,0.0,1.0,0.7435897435897436,1.0,1.0,0.5905046712607245,0.2174172899003899,1
0.0,0.0,0.3333333333333333,0.0,0.0,0.7435897435897436,1.0,0.0,0.5705521825286981,0.24125009847763734,1
1.0,1.0,0.3333333333333333,0.0,0.0,0.7435897435897436,1.0,0.5,0.5346275675161503,0.2065762764387673,1
1.0,1.0,0.6666666666666666,0.0,0.0,0.7435897435897436,1.0,0.0,0.5866472341800641,0.5001994627109136,1
1.0,1.0,0.3333333333333333,1.0,0.0,0.358974358974359,1.0,1.0,0.6226406750481968,0.28204891028988954,0
1.0,0.0,0.0,0.0,0.0,0.10256410256410257,1.0,1.0,0.6464284287958955,0.44511305783381183,1
1.0,1.0,0.6666666666666666,0.0,1.0,0.7435897435897436,1.0,0.0,0.5620720434227042,0.410889696729243,1
1.0,1.0,0.0,1.0,0.0,0.7435897435897436,1.0,0.5,0.5924099318089806,0.41970753313887976,1
1.0,0.0,0.0,0.0,1.0,0.358974358974359,1.0,1.0,0.5866472341800641,0.4899877455096451,0
1.0,1.0,0.6666666666666666,0.0,0.0,0.7435897435897436,1.0,1.0,0.5705521825286981,0.47317235150242287,1
1.0,1.0,0.3333333333333333,1.0,0.0,0.358974358974359,1.0,1.0,0.617580299539465,0.3778071888497998,1
1.0,1.0,0.3333333333333333,0.0,0.0,1.0000000000000002,1.0,0.5,0.5924099318089806,0.29454625116545397,1
1.0,1.0,0.0,0.0,0.0,0.7435897435897436,1.0,1.0,0.5196034188243037,0.23230036995265446,1
1.0,1.0,0.0,1.0,0.0,0.7435897435897436,0.0,0.5,0.7072322839892242,0.3348515263907148,0
0.0,0.0,0.6666666666666666,0.0,0.0,0.7435897435897436,1.0,1.0,0.6192792122782118,0.21482352834327378,0
1.0,0.0,0.0,1.0,1.0,0.7435897435897436,1.0,0.0,0.5532748172415494,0.295856153761193,1
1.0,1.0,0.3333333333333333,1.0,0.0,0.358974358974359,1.0,0.5,0.7840623634028807,0.47467730534374053,1
1.0,0.0,0.0,0.0,1.0,0.7435897435897436,0.0,1.0,0.6965079695239753,0.6011887154002211,0
0.0,0.0,1.0,0.0,0.0,0.7435897435897436,1.0,0.0,0.7629767665503107,0.18856820451116096,1
1.0,0.0,0.0,1.0,0.0,0.7435897435897436,0.0,0.0,0.5767175586222981,0.35570161064120964,0
1.0,1.0,1.0,0.0,0.0,0.7435897435897436,1.0,1.0,0.5297253403669755,0.3206997339088884,0
1.0,1.0,0.0,0.0,0.0,0.7435897435897436,1.0,0.0,0.8041855933020416,0.609201056956653,0
1.0,1.0,1.0,1.0,0.0,0.7435897435897436,1.0,0.5,0.6017114746069032,0.30513914841813494,0
1.0,1.0,0.3333333333333333,0.0,0.0,0.7435897435897436,1.0,1.0,0.8234345544559629,0.4887893728670123,1
1.0,0.0,0.0,0.0,0.0,0.7435897435897436,1.0,0.5,0.6124086981283534,0.2693545998809139,1
0.0,0.0,0.3333333333333333,0.0,0.0,0.05128205128205128,1.0,0.5,0.6464284287958955,0.21870407956964955,0
0.0,0.0,0.0,0.0,0.0,0.7435897435897436,1.0,0.0,0.5866472341800641,0.39910638094756945,1
1.0,0.0,0.0,0.0,1.0,0.7435897435897436,1.0,0.5,0.6017114746069032,0.31669592619554954,1
1.0,0.0,0.0,0.0,0.0,0.7435897435897436,1.0,0.0,0.6403164386111126,0.41062651571922015,1
1.0,1.0,0.6666666666666666,0.0,0.0,0.7435897435897436,1.0,0.5,0.638763308271755,0.3577464118723308,1
1.0,1.0,1.0,0.0,0.0,0.7435897435897436,0.0,1.0,0.6538517066444165,0.35973410972732967,1
0.0,0.0,0.0,0.0,0.0,0.7435897435897436,1.0,0.0,0.6141452255090323,0.2141708318205222,0
0.0,0.0,0.3333333333333333,0.0,0.0,0.7435897435897436,1.0,1.0,0.5196034188243037,0.2788797111421777,1
0.0,0.0,0.0,0.0,0.0,0.7435897435897436,1.0,1.0,0.26621709765589374,0.2006664117394148,1
1.0,1.0,0.0,0.0,0.0,0.7435897435897436,1.0,1.0,0.6158690309631798,0.5075917349370489,1
1.0,0.0,0.0,0.0,0.0,0.7435897435897436,1.0,0.0,0.5980348624282088,0.2927006989331502,1
1.0,1.0,0.0,0.0,0.0,0.7435897435897436,1.0,0.5,0.638763308271755,0.3006692044705279,1
1.0,1.0,0.6666666666666666,0.0,0.0,0.7435897435897436,1.0,0.5,0.5196034188243037,0.24691497888072234,1
1.0,1.0,0.3333333333333333,0.0,0.0,0.7435897435897436,1.0,0.5,0.5767175586222981,0.2874589532960974,1
1.0,1.0,0.0,0.0,0.0,0.7435897435897436,1.0,0.5,0.7141195578806834,0.4014057477533519,1
1.0,1.0,0.0,0.0,0.0,0.7435897435897436,1.0,1.0,0.4922122502111592,0.2770262502216456,1
1.0,1.0,0.0,0.0,0.0,0.7435897435897436,1.0,0.5,0.8888039348381416,0.5743176952608986,1
0.0,1.0,0.0,1.0,0.0,0.7435897435897436,1.0,0.0,0.5942998888944429,0.2593283795442842,1
1.0,0.0,0.3333333333333333,1.0,1.0,0.7435897435897436,0.0,1.0,0.650910438444966,0.37291316398048013,0
1.0,1.0,0.0,0.0,0.0,0.7435897435897436,1.0,0.5,0.5705521825286981,0.29465129807291546,1
1.0,1.0,0.6666666666666666,0.0,0.0,0.358974358974359,1.0,1.0,0.48632948400174114,0.20445583202471052,1
0.0,0.0,0.0,0.0,0.0,0.7435897435897436,1.0,1.0,0.40112448504450693,0.2184187021105488,1
1.0,1.0,0.0,0.0,0.0,0.7435897435897436,1.0,0.0,0.6017114746069032,0.660882819538475,0
1.0,0.0,0.0,0.0,0.0,0.7435897435897436,1.0,0.0,0.5170034101365979,0.3624264805734938,1
0.0,0.0,0.0,0.0,1.0,0.6153846153846154,1.0,0.5,0.5417945700620366,0.27212998075611883,0
1.0,1.0,0.0,0.0,0.0,0.7435897435897436,1.0,0.0,0.5866472341800641,0.34128808019836243,1
0.0,0.0,0.0,0.0,0.0,0.7435897435897436,1.0,0.5,0.5767175586222981,0.2607771268327237,1
1.0,0.0,0.0,0.0,0.0,0.7435897435897436,1.0,0.0,0.6903318041329845,0.468132436539449,1
1.0,1.0,0.0,0.0,0.0,0.7435897435897436,1.0,0.0,0.6209659463263373,0.3318409655219614,1
1.0,1.0,0.6666666666666666,0.0,0.0,0.7435897435897436,0.0,0.5,0.5998803494737672,0.2768570656412772,0
1.0,1.0,0.6666666666666666,0.0,0.0,0.7435897435897436,1.0,1.0,0.6124086981283534,0.29391503465067026,1
0.0,0.0,0.0,0.0,0.0,1.0000000000000002,0.0,1.0,0.627594508380735,0.3284728847609253,0
1.0,1.0,0.0,0.0,0.0,0.7435897435897436,1.0,0.5,0.6707666561616454,0.3418531892065928,1
1.0,1.0,1.0,0.0,0.0,0.7435897435897436,1.0,1.0,0.5663503138676842,0.3396288095556377,1
1.0,1.0,0.3333333333333333,0.0,0.0,0.7435897435897436,1.0,0.5,0.7060645476366747,0.38764018660121047,1
0.0,1.0,0.3333333333333333,0.0,0.0,0.7435897435897436,1.0,1.0,0.6141452255090323,0.29142720165717173,1
0.0,0.0,0.0,0.0,0.0,1.0000000000000002,1.0,0.0,0.6403164386111126,0.41059359846864685,0
1.0,1.0,0.3333333333333333,0.0,0.0,0.7435897435897436,1.0,1.0,0.5726253095263247,0.30554154455497584,0
1.0,1.0,0.0,1.0,0.0,0.7435897435897436,0.0,1.0,0.527235387056441,0.2950186126352261,0
1.0,1.0,0.0,1.0,0.0,0.7435897435897436,1.0,0.5,0.5555051504532105,0.28923641743382267,1
0.0,0.0,0.0,0.0,0.0,0.7435897435897436,1.0,0.0,0.6088967166312764,0.3085885559574384,1
1.0,1.0,0.3333333333333333,0.0,0.0,0.7435897435897436,1.0,1.0,0.5346275675161503,0.2148959443747287,1
1.0,0.0,0.0,0.0,0.0,0.7435897435897436,1.0,0.0,0.6226406750481968,0.37371646883405707,1
1.0,0.0,0.0,1.0,0.0,0.7435897435897436,1.0,1.0,0.6017114746069032,0.08116785130550719,0
0.0,0.0,0.0,0.0,0.0,0.7435897435897436,1.0,0.0,0.6141452255090323,0.32897644573061746,1
0.0,0.0,0.0,0.0,0.0,0.7435897435897436,0.0,1.0,0.5532748172415494,0.2690054856512567,0
1.0,0.0,0.0,0.0,0.0,0.7435897435897436,1.0,0.0,0.9113770684359317,0.6556137934130091,0
1.0,1.0,0.6666666666666666,1.0,0.0,0.7435897435897436,1.0,0.0,0.6878152198007361,0.4147071802244209,1
0.0,0.0,0.0,0.0,0.0,0.7435897435897436,1.0,0.5,0.5035541272648951,0.17483120962502285,1
1.0,0.0,0.0,1.0,0.0,0.7435897435897436,1.0,0.5,0.568460627493931,0.32454690568661504,1
0.0,0.0,0.0,0.0,0.0,0.7435897435897436,1.0,0.0,0.4095288924497814,0.13723868085728408,1
1.0,1.0,0.6666666666666666,0.0,1.0,0.15384615384615388,1.0,0.0,0.6292228774547044,0.3431092010436505,1
1.0,1.0,0.0,0.0,0.0,0.7435897435897436,1.0,0.0,0.6523856683061735,0.27207247563436066,0
1.0,1.0,0.3333333333333333,1.0,0.0,0.358974358974359,1.0,1.0,0.568460627493931,0.3105172293592193,1
1.0,1.0,0.6666666666666666,0.0,0.0,0.7435897435897436,1.0,0.5,0.5866472341800641,0.2349859381824071,1
1.0,1.0,0.0,0.0,0.0,0.7435897435897436,1.0,1.0,0.5143743504713745,0.2648365893812803,1
0.0,0.0,0.3333333333333333,0.0,0.0,0.7435897435897436,1.0,0.5,0.5705521825286981,0.22294584040939758,1
1.0,1.0,0.3333333333333333,0.0,1.0,0.7435897435897436,1.0,0.0,0.6464284287958955,0.4806571785162894,0
1.0,1.0,0.0,0.0,0.0,0.7435897435897436,1.0,0.5,0.5767175586222981,0.2861038666329978,1
1.0,1.0,1.0,0.0,0.0,0.7435897435897436,1.0,0.5,0.5942998888944429,0.28413945615762937,1
1.0,1.0,0.6666666666666666,1.0,0.0,0.7435897435897436,1.0,0.0,0.6017114746069032,0.3178942988381823,1
0.0,0.0,0.0,0.0,0.0,0.7435897435897436,1.0,0.0,0.6088967166312764,0.36001677195751536,1
1.0,1.0,1.0,0.0,0.0,0.7435897435897436,1.0,0.0,0.8010792987883983,0.5813171161831521,1
1.0,1.0,0.3333333333333333,0.0,1.0,0.7435897435897436,0.0,0.0,0.8540531841057577,0.5578852638180527,0
1.0,0.0,0.0,0.0,0.0,0.7435897435897436,0.0,0.0,0.6053315212724693,0.30443338204051673,1
1.0,1.0,0.0,0.0,1.0,0.7435897435897436,1.0,0.5,0.6865467617848786,0.424578048894938,1
0.0,1.0,0.0,0.0,0.0,0.7435897435897436,1.0,1.0,0.5663503138676842,0.3843324250704889,0
0.0,0.0,0.0,0.0,0.0,0.7435897435897436,1.0,1.0,0.45104880843248885,0.13654475006632327,1
1.0,0.0,0.3333333333333333,0.0,0.0,0.7435897435897436,1.0,1.0,0.580739851305655,0.36106385175994116,1
1.0,0.0,0.0,0.0,0.0,0.7435897435897436,1.0,0.5,0.5394297421956116,0.17635803729898347,1
1.0,0.0,0.0,0.0,0.0,0.7435897435897436,1.0,1.0,0.4644980913041916,0.16757917027062863,1
1.0,1.0,0.0,0.0,0.0,0.358974358974359,1.0,1.0,0.9162187699646309,0.9389294728474462,1
1.0,1.0,0.3333333333333333,0.0,1.0,0.358974358974359,1.0,1.0,0.6839891453848477,0.5189117237889433,1
1.0,1.0,0.0,0.0,1.0,0.7435897435897436,1.0,0.5,0.46120715105597054,0.480483340196151,1
1.0,1.0,0.3333333333333333,0.0,0.0,0.7435897435897436,1.0,0.0,0.6538517066444165,0.35126832059618507,1
1.0,1.0,0.6666666666666666,0.0,1.0,0.7435897435897436,1.0,0.0,0.6761451392974103,0.39563438530801887,1
0.0,0.0,1.0,1.0,0.0,0.7435897435897436,0.0,1.0,0.6017114746069032,0.059124509089014454,0
0.0,0.0,0.0,0.0,0.0,0.7435897435897436,1.0,0.5,0.4644980913041916,0.2629345193681576,1
1.0,1.0,1.0,1.0,0.0,0.7435897435897436,1.0,0.0,0.6721228466140536,0.2673111450361787,0
0.0,0.0,0.0,0.0,0.0,0.7435897435897436,1.0,0.0,0.3641389699798977,0.12412824475899376,0
1.0,1.0,0.3333333333333333,1.0,0.0,0.7435897435897436,1.0,1.0,0.650910438444966,0.34470252875585117,1
1.0,1.0,1.0,1.0,0.0,0.7435897435897436,1.0,0.5,0.47410344097724844,0.19570997291075876,1
1.0,1.0,0.6666666666666666,0.0,0.0,0.7435897435897436,1.0,0.0,0.5961747864008986,0.30423136546136287,1
1.0,1.0,0.0,0.0,0.0,0.7435897435897436,1.0,0.5,0.6538517066444165,0.30644455838484297,1
1.0,1.0,0.0,1.0,0.0,0.7435897435897436,0.0,0.0,0.6418593844159997,0.3831954662589341,0
1.0,1.0,0.6666666666666666,1.0,0.0,0.7435897435897436,1.0,1.0,0.5980348624282088,0.32074701151773044,1
1.0,1.0,0.0,0.0,0.0,0.7435897435897436,1.0,0.5,0.7666248767130897,0.5024153306762835,1
1.0,1.0,0.0,0.0,0.0,0.7435897435897436,1.0,0.0,0.6903318041329845,0.4510291078673043,1
1.0,1.0,0.0,0.0,0.0,0.7435897435897436,1.0,0.5,0.7367514805094417,0.4567801332954684,1
1.0,0.0,0.0,0.0,0.0,0.7435897435897436,1.0,0.0,0.807251413770264,0.5442006982658667,0
1.0,1.0,1.0,0.0,0.0,0.7435897435897436,1.0,0.0,0.5321892203889793,0.2958038901335749,1
0.0,1.0,0.0,0.0,1.0,0.7435897435897436,0.0,0.0,0.5555051504532105,0.3322474979986263,0
0.0,1.0,0.0,0.0,0.0,0.7435897435897436,1.0,0.5,0.6053315212724693,0.17576538619589432,1
0.0,0.0,0.0,0.0,0.0,0.358974358974359,1.0,1.0,0.5787372997111075,0.2413152035945918,1
1.0,1.0,0.6666666666666666,0.0,0.0,0.7435897435897436,1.0,0.0,0.6610479369888751,0.5153538065399241,1
1.0,1.0,0.3333333333333333,0.0,0.0,0.7435897435897436,1.0,1.0,0.45104880843248885,0.24531873857405517,0
1.0,1.0,0.0,1.0,0.0,1.0000000000000002,0.0,1.0,0.5441358669126808,0.29142720165717173,0
1.0,1.0,1.0,0.0,0.0,0.7435897435897436,1.0,0.5,0.7060645476366747,0.43541550513578353,1
0.0,0.0,0.3333333333333333,0.0,0.0,0.7435897435897436,1.0,0.5,0.4950993832689692,0.2944411597936909,0
1.0,1.0,0.6666666666666666,0.0,0.0,0.7435897435897436,1.0,0.5,0.7448311890700401,0.4451417025828579,1
1.0,1.0,0.0,0.0,0.0,0.7435897435897436,1.0,1.0,0.6053315212724693,0.3950392870808608,1
1.0,1.0,0.0,0.0,0.0,0.6153846153846154,1.0,1.0,0.5321892203889793,0.35574267214168853,1
1.0,0.0,0.0,0.0,1.0,0.7435897435897436,1.0,0.0,0.624303568132514,0.3857190509203712,1
1.0,0.0,0.0,1.0,0.0,0.7435897435897436,1.0,0.0,0.6106592596449192,0.3626262378954632,0
1.0,0.0,0.0,0.0,0.0,1.0000000000000002,1.0,0.5,0.5346275675161503,0.13654475006632327,0
1.0,0.0,0.0,0.0,0.0,0.7435897435897436,0.0,0.0,0.5942998888944429,0.31466954665940006,0
1.0,1.0,0.3333333333333333,0.0,0.0,0.7435897435897436,1.0,0.5,0.6748120003651872,0.36694147710915037,1
1.0,1.0,0.0,0.0,0.0,0.7435897435897436,1.0,0.0,0.9517359050225083,0.7080977188311997,0
0.0,0.0,0.0,0.0,1.0,0.7435897435897436,1.0,0.5,0.4053642104173878,0.5935716939227234,1
1.0,1.0,0.6666666666666666,0.0,0.0,0.7435897435897436,1.0,0.5,0.6464284287958955,0.31760721648349555,1
1.0,1.0,0.6666666666666666,0.0,1.0,0.6153846153846154,1.0,0.0,0.8565365674965078,0.6152364304225528,1
1.0,0.0,0.3333333333333333,0.0,0.0,0.358974358974359,0.0,1.0,0.568460627493931,0.3110093570963295,0
0.0,0.0,0.0,0.0,0.0,0.7435897435897436,1.0,1.0,0.5663503138676842,0.26666542721555486,1
1.0,1.0,0.0,0.0,0.0,0.358974358974359,1.0,1.0,0.5866472341800641,0.34284985732708617,1
1.0,1.0,1.0,0.0,0.0,0.7435897435897436,1.0,0.0,0.6053315212724693,0.5596433469477822,1
1.0,1.0,0.0,0.0,0.0,0.7435897435897436,1.0,0.5,0.6053315212724693,0.2717271649221151,1
1.0,0.0,0.0,0.0,0.0,1.0000000000000002,1.0,1.0,0.4644980913041916,0.1874385642558738,0
1.0,1.0,0.6666666666666666,0.0,0.0,0.7435897435897436,1.0,1.0,0.6053315212724693,0.32727857396318183,1
1.0,1.0,0.0,0.0,0.0,0.7435897435897436,1.0,0.5,0.6017114746069032,0.34683955659999444,1
1.0,0.0,0.0,0.0,0.0,0.7435897435897436,1.0,0.5,0.7979314472639105,0.4849152414105051,1
0.0,0.0,0.0,0.0,0.0,0.7435897435897436,1.0,1.0,0.6479319380143995,0.35384677902213135,1
1.0,0.0,0.0,0.0,1.0,0.7435897435897436,1.0,1.0,0.6017114746069032,0.39796598142727757,1
1.0,1.0,0.6666666666666666,0.0,0.0,0.7435897435897436,1.0,1.0,0.5441358669126808,0.28604950902750814,0
1.0,0.0,0.3333333333333333,0.0,0.0,0.358974358974359,1.0,1.0,0.5726253095263247,0.23162441428850022,1
1.0,0.0,0.0,1.0,0.0,0.7435897435897436,1.0,0.5,0.6088967166312764,0.24982551288889243,1
1.0,1.0,0.0,1.0,0.0,0.7435897435897436,0.0,1.0,0.6017114746069032,0.35981490320740517,0
1.0,1.0,0.0,0.0,0.0,0.7435897435897436,1.0,1.0,0.6158690309631798,0.295856153761193,1
1.0,1.0,0.0,0.0,0.0,0.7435897435897436,1.0,0.0,0.5961747864008986,0.33170530663756526,1
1.0,0.0,1.0,0.0,0.0,0.7435897435897436,1.0,0.0,0.6878152198007361,0.4590654203500113,1
1.0,1.0,1.0,0.0,0.0,0.7435897435897436,1.0,0.0,0.7806767166160082,0.46802797525166295,1
1.0,1.0,0.0,0.0,0.0,0.7435897435897436,1.0,1.0,0.5866472341800641,0.29312375055769313,1
1.0,1.0,0.6666666666666666,1.0,0.0,0.358974358974359,1.0,0.5,0.5726253095263247,0.22828536581626646,1
1.0,1.0,0.6666666666666666,0.0,0.0,0.7435897435897436,1.0,1.0,0.5726253095263247,0.2824353358341736,1
1.0,1.0,0.6666666666666666,0.0,0.0,0.7435897435897436,1.0,0.5,0.6141452255090323,0.23784088863212038,1
0.0,0.0,0.0,0.0,0.0,0.7435897435897436,0.0,1.0,0.4644980913041916,0.196256927824199,0
1.0,1.0,0.0,0.0,0.0,0.7435897435897436,1.0,1.0,0.5321892203889793,0.2819936575107407,1
1.0,0.0,0.0,1.0,0.0,0.7435897435897436,1.0,0.0,0.5642209021210502,0.33529774930393264,1
0.0,0.0,0.0,0.0,0.0,0.7435897435897436,0.0,0.5,0.5510231408041399,0.20545063587340562,0
1.0,1.0,0.6666666666666666,1.0,0.0,0.358974358974359,0.0,1.0,0.35907859447116597,0.17243732257419508,0
1.0,0.0,0.0,1.0,0.0,0.6153846153846154,1.0,0.0,0.44402445420385594,0.16065002206921597,0
1.0,0.0,0.0,0.0,0.0,0.7435897435897436,1.0,0.5,0.5510231408041399,0.6819798121153784,1
0.0,0.0,0.0,1.0,0.0,0.7435897435897436,1.0,0.5,0.3968069622194037,0.076534022272569,1
0.0,0.0,0.0,0.0,1.0,0.7435897435897436,1.0,0.0,0.6989337476283017,0.40727963626578734,0
0.0,0.0,0.0,0.0,0.0,0.7435897435897436,1.0,0.5,0.5767175586222981,0.2850144468855762,1
1.0,1.0,0.0,1.0,0.0,0.7435897435897436,1.0,1.0,0.5767175586222981,0.2861038666329978,1
0.0,0.0,0.0,1.0,0.0,0.7435897435897436,1.0,0.0,0.44756284256837575,0.10628214579582806,1
1.0,1.0,0.3333333333333333,0.0,0.0,0.6153846153846154,0.0,0.5,0.6418593844159997,0.4344006606943258,0
1.0,1.0,1.0,0.0,0.0,0.7435897435897436,0.0,0.0,0.8438489448250013,1.0000000000000002,0
0.0,0.0,0.3333333333333333,1.0,1.0,0.7435897435897436,1.0,0.5,0.4330783693243553,0.24480576656908792,0
1.0,1.0,0.0,0.0,0.0,0.7435897435897436,1.0,1.0,0.6538517066444165,0.36421853684098804,1
1.0,1.0,0.0,1.0,0.0,0.7435897435897436,0.0,0.0,0.726245342891989,0.35778713660990813,0
1.0,1.0,0.0,1.0,0.0,0.7435897435897436,1.0,0.0,0.5663503138676842,0.27034109928685823,1
0.0,1.0,0.0,1.0,0.0,0.7435897435897436,0.0,0.5,0.6787889692706706,0.3270482387002722,0
0.0,0.0,0.0,0.0,0.0,0.7435897435897436,1.0,1.0,0.4254874403165486,0.18138069736722806,1
0.0,0.0,0.3333333333333333,0.0,0.0,0.7435897435897436,1.0,1.0,0.6538517066444165,0.14627858631851187,0
1.0,1.0,0.6666666666666666,0.0,1.0,0.7435897435897436,1.0,1.0,0.747790956297929,0.6718450539328373,0
1.0,1.0,0.0,0.0,0.0,0.7435897435897436,1.0,0.0,0.5705521825286981,0.24033682969455206,1
1.0,1.0,0.0,0.0,0.0,0.7435897435897436,1.0,0.5,0.6192792122782118,0.29126755422133166,1
1.0,1.0,0.0,0.0,0.0,0.7435897435897436,1.0,0.0,0.6192792122782118,0.34666926965087597,1
0.0,0.0,0.0,1.0,0.0,0.7435897435897436,0.0,1.0,0.4922122502111592,0.15747680280225262,0
1.0,1.0,0.0,0.0,0.0,0.7435897435897436,1.0,1.0,0.5441358669126808,0.22280560975778374,1
1.0,1.0,0.3333333333333333,0.0,0.0,0.7435897435897436,0.0,1.0,0.5663503138676842,0.45220115581296727,0
1.0,1.0,0.0,0.0,0.0,0.7435897435897436,1.0,0.5,0.5346275675161503,0.5793230352242469,1
1.0,1.0,0.0,0.0,0.0,0.7435897435897436,1.0,0.0,0.5885838573930919,0.39090445827725584,1
0.0,0.0,0.3333333333333333,1.0,0.0,0.7435897435897436,1.0,0.0,0.4950993832689692,0.28821458367700825,0
1.0,1.0,0.6666666666666666,0.0,0.0,0.7435897435897436,1.0,0.5,0.6106592596449192,0.35114287468425354,1
1.0,1.0,0.0,0.0,0.0,0.7435897435897436,1.0,0.0,0.511715583288644,0.17645273040159926,1
1.0,0.0,0.0,1.0,0.0,0.358974358974359,1.0,1.0,0.4254874403165486,0.1572029159988766,1
0.0,0.0,0.3333333333333333,0.0,1.0,0.7435897435897436,1.0,0.5,0.638763308271755,0.44390698430694964,1
1.0,0.0,0.0,0.0,0.0,0.7435897435897436,0.0,0.0,0.5555051504532105,0.37371646883405707,0
1.0,0.0,0.0,0.0,0.0,0.7435897435897436,1.0,0.5,0.8714906707955488,0.5434114428739141,1
1.0,1.0,0.0,0.0,0.0,0.7435897435897436,1.0,0.5,0.627594508380735,0.2966387908348669,1
1.0,0.0,0.0,0.0,0.0,0.7435897435897436,1.0,1.0,0.5441358669126808,0.23717987023824194,1
0.0,1.0,0.0,0.0,0.0,0.4871794871794872,1.0,0.5,0.6017114746069032,0.4818212370123647,1
1.0,0.0,0.0,0.0,0.0,0.7435897435897436,1.0,0.5,0.3833576793477008,0.2389605966329762,1
1.0,1.0,0.0,0.0,0.0,0.7435897435897436,1.0,1.0,0.6017114746069032,0.20829240718665143,1
1.0,0.0,0.0,0.0,1.0,0.7435897435897436,0.0,1.0,0.6903318041329845,0.4907755146382866,0
0.0,1.0,0.0,1.0,1.0,0.7435897435897436,1.0,0.0,0.6192792122782118,0.39709854164445724,1
1.0,0.0,0.0,0.0,0.0,0.7435897435897436,1.0,0.5,0.6903318041329845,0.4467690144097183,1
1.0,1.0,0.0,0.0,0.0,0.7435897435897436,1.0,0.0,0.6814034227474848,0.4739642271903881,1
1.0,0.0,1.0,1.0,0.0,0.7435897435897436,1.0,0.5,0.6356259498971131,0.38123949134272617,1
1.0,0.0,0.3333333333333333,0.0,0.0,0.7435897435897436,1.0,0.5,0.6418593844159997,0.8102480373786054,1
1.0,1.0,0.0,0.0,0.0,0.6153846153846154,1.0,0.0,0.6748120003651872,0.5921022596735666,1
1.0,1.0,0.3333333333333333,0.0,1.0,0.7435897435897436,1.0,0.0,0.6053315212724693,0.2919586195871162,1
1.0,1.0,0.6666666666666666,1.0,0.0,0.7435897435897436,1.0,0.0,0.5663503138676842,0.2906813004375268,1
1.0,1.0,0.0,0.0,0.0,0.7435897435897436,1.0,0.0,0.4053642104173878,0.30433239429778536,0
1.0,1.0,0.6666666666666666,0.0,0.0,0.7435897435897436,0.0,0.0,0.638763308271755,0.31105851626134196,0
1.0,0.0,0.3333333333333333,1.0,1.0,0.7435897435897436,1.0,0.5,0.6940569224431055,0.2717847500695567,0
1.0,1.0,0.6666666666666666,1.0,0.0,0.7435897435897436,0.0,0.0,0.5961747864008986,0.22455282570940693,0
1.0,1.0,0.6666666666666666,1.0,0.0,0.6153846153846154,1.0,1.0,0.4254874403165486,0.21388019279162562,1
1.0,1.0,0.0,0.0,0.0,0.7435897435897436,0.0,0.0,0.6371998580537919,0.34028511012834417,0
1.0,1.0,0.0,0.0,0.0,0.358974358974359,0.0,0.0,0.5196034188243037,0.3060436243258413,1
1.0,0.0,0.0,0.0,1.0,0.7435897435897436,1.0,0.5,0.5035541272648951,0.3951093727163528,1
1.0,1.0,0.6666666666666666,0.0,0.0,0.7435897435897436,1.0,0.5,0.5346275675161503,0.24429173250952219,1
1.0,1.0,0.0,0.0,0.0,0.7435897435897436,1.0,1.0,0.582725503529196,0.2712082966829381,1
1.0,1.0,0.0,0.0,0.0,0.7435897435897436,1.0,1.0,0.6721228466140536,0.36505042363501583,0
1.0,0.0,0.6666666666666666,0.0,0.0,0.7435897435897436,1.0,0.0,0.6158690309631798,0.2742483608153885,1
1.0,1.0,0.0,0.0,0.0,0.7435897435897436,1.0,0.5,0.6538517066444165,0.43541550513578353,0
1.0,1.0,0.0,0.0,1.0,0.7435897435897436,1.0,0.5,0.6538517066444165,0.36062139526651094,1
1.0,1.0,1.0,0.0,0.0,0.358974358974359,1.0,1.0,0.6017114746069032,0.4170596308736323,1
1.0,1.0,0.0,0.0,0.0,0.7435897435897436,1.0,0.0,0.6433922783853512,0.31846746960928685,1
0.0,0.0,0.3333333333333333,1.0,0.0,0.7435897435897436,1.0,0.5,0.6088967166312764,0.3178942988381823,1
1.0,0.0,0.0,0.0,0.0,0.7435897435897436,0.0,0.5,0.5394297421956116,0.26329226923132754,0
1.0,0.0,0.0,0.0,0.0,0.7435897435897436,1.0,0.0,0.6226406750481968,0.35384677902213135,1
1.0,1.0,1.0,1.0,0.0,0.358974358974359,0.0,1.0,0.46120715105597054,0.2884838953012909,0
1.0,1.0,0.0,0.0,0.0,0.7435897435897436,1.0,0.5,0.5663503138676842,0.6078512713368165,1
0.0,1.0,0.6666666666666666,1.0,0.0,0.7435897435897436,1.0,0.5,0.5394297421956116,0.1920854069021054,1
1.0,1.0,0.0,0.0,0.0,0.7435897435897436,1.0,1.0,0.5663503138676842,0.3843324250704889,0
1.0,1.0,0.3333333333333333,0.0,1.0,0.7435897435897436,1.0,0.5,0.6567566619625722,0.33355292617159216,1
1.0,1.0,0.3333333333333333,1.0,0.0,0.358974358974359,0.0,0.0,0.5726253095263247,0.26251649196102655,0
1.0,1.0,1.0,0.0,0.0,0.7435897435897436,1.0,0.5,0.5441358669126808,0.29275361982476755,1
0.0,0.0,0.0,0.0,1.0,0.7435897435897436,1.0,1.0,0.527235387056441,0.13654475006632327,1
1.0,0.0,0.6666666666666666,0.0,0.0,0.7435897435897436,1.0,0.0,0.6567566619625722,0.48508600521331435,1
1.0,1.0,0.6666666666666666,0.0,1.0,0.7435897435897436,1.0,0.0,0.638763308271755,0.6201396889672111,1
1.0,1.0,0.6666666666666666,0.0,0.0,0.6153846153846154,1.0,0.5,0.7387975663771067,0.43884702526805497,1
1.0,1.0,0.6666666666666666,0.0,0.0,0.7435897435897436,0.0,0.5,0.6088967166312764,0.2955947255364675,0
1.0,1.0,0.3333333333333333,0.0,1.0,0.7435897435897436,1.0,0.5,0.5090264295375102,0.6389169474393668,1
1.0,1.0,0.6666666666666666,0.0,0.0,0.7435897435897436,1.0,1.0,0.6017114746069032,0.2851781649014542,0
0.0,0.0,0.0,1.0,0.0,0.7435897435897436,1.0,0.0,0.6449152506413869,0.2740202161982943,1
1.0,1.0,1.0,1.0,0.0,0.7435897435897436,1.0,0.0,0.5726253095263247,0.18953239353686202,1
1.0,1.0,0.0,0.0,0.0,0.7435897435897436,1.0,0.5,0.6017114746069032,0.31989463407981433,1
1.0,1.0,0.0,0.0,0.0,0.7435897435897436,1.0,0.5,0.7428371229653907,0.5005205024775587,1
1.0,1.0,0.6666666666666666,0.0,0.0,0.7435897435897436,1.0,0.5,0.7545556470180288,0.4353857159027903,1
1.0,1.0,0.3333333333333333,1.0,0.0,0.7435897435897436,1.0,0.0,0.6071208712803995,0.276518350224374,1
1.0,0.0,0.6666666666666666,0.0,0.0,0.7435897435897436,0.0,0.0,0.4922122502111592,0.22336605776570484,0
1.0,1.0,0.3333333333333333,0.0,0.0,0.7435897435897436,1.0,1.0,0.9209628498614741,0.6311317845712614,0
1.0,1.0,0.6666666666666666,0.0,1.0,0.7435897435897436,1.0,0.5,0.6538517066444165,0.37997655260649466,1
1.0,0.0,0.0,0.0,0.0,0.7435897435897436,1.0,1.0,0.4772200215345692,0.13000676096566632,0
1.0,0.0,0.0,1.0,0.0,0.7435897435897436,1.0,0.5,0.5346275675161503,0.3315243127443066,1
1.0,1.0,0.3333333333333333,1.0,0.0,0.7435897435897436,1.0,1.0,0.6890768764004522,0.37233777933806134,1
1.0,0.0,0.0,1.0,0.0,0.7435897435897436,1.0,0.0,0.5663503138676842,0.23324362673692423,1
0.0,0.0,0.0,1.0,1.0,0.7435897435897436,1.0,0.5,0.7336485996052415,0.6162018505333633,1
1.0,1.0,0.0,0.0,0.0,0.7435897435897436,0.0,0.0,0.5846945392213856,0.3434545717995101,0
0.0,1.0,0.3333333333333333,0.0,0.0,0.15384615384615388,1.0,0.5,0.5555051504532105,0.26760409888973435,1
1.0,1.0,0.0,1.0,0.0,0.7435897435897436,1.0,0.0,0.5599033792959471,0.2711505776632468,1
1.0,1.0,0.0,0.0,0.0,0.0,1.0,1.0,0.568460627493931,0.4086437151202491,1
1.0,1.0,0.3333333333333333,0.0,1.0,0.7435897435897436,1.0,0.5,0.5321892203889793,0.17295224504445494,1
1.0,0.0,0.0,0.0,0.0,0.7435897435897436,0.0,0.0,0.7163712343180928,0.4974305303451778,0
0.0,0.0,0.0,0.0,0.0,1.0000000000000002,1.0,0.0,0.5726253095263247,0.27276165959412446,1
0.0,0.0,0.0,0.0,0.0,0.7435897435897436,1.0,0.5,0.5441358669126808,0.19461243494752867,1
1.0,1.0,0.6666666666666666,0.0,0.0,0.7435897435897436,1.0,0.5,0.7152480895025326,0.49250932571473416,1
1.0,1.0,0.3333333333333333,1.0,0.0,0.7435897435897436,1.0,0.0,0.6192792122782118,0.4640255223592564,0
1.0,1.0,0.0,1.0,0.0,0.6153846153846154,1.0,0.5,0.5942998888944429,0.3229121066895251,1
1.0,1.0,0.6666666666666666,0.0,0.0,0.7435897435897436,1.0,0.0,0.7516802744696354,0.42295469659730744,1
1.0,1.0,0.0,0.0,0.0,0.7435897435897436,1.0,1.0,0.9113770684359317,0.7317999974939229,1
1.0,0.0,0.0,0.0,0.0,0.7435897435897436,1.0,1.0,0.5346275675161503,0.22587253475581437,0
1.0,1.0,0.0,0.0,1.0,0.7435897435897436,1.0,1.0,0.6915800743926543,0.33188616868313914,1
0.0,0.0,0.3333333333333333,0.0,0.0,0.7435897435897436,1.0,1.0,0.33200296619242564,0.5507444508641981,1
1.0,0.0,0.0,1.0,0.0,0.7435897435897436,1.0,0.0,0.5441358669126808,0.30281262810323084,0
1.0,1.0,0.3333333333333333,0.0,0.0,0.7435897435897436,1.0,0.5,0.7583356221569495,0.4273936228350752,1
1.0,1.0,0.6666666666666666,0.0,0.0,0.7435897435897436,1.0,1.0,0.6356259498971131,0.3238942772467761,1
1.0,1.0,0.0,0.0,0.0,0.358974358974359,1.0,0.5,0.46120715105597054,0.4488094370421216,0
1.0,0.0,0.0,0.0,0.0,0.7435897435897436,1.0,0.0,0.8095248458724389,0.46742646841846036,0
1.0,1.0,1.0,0.0,0.0,0.7435897435897436,1.0,0.0,0.638763308271755,0.3883252918038609,1
0.0,1.0,0.6666666666666666,0.0,0.0,1.0000000000000002,1.0,0.5,0.5726253095263247,0.23135351588510233,1
1.0,1.0,0.0,1.0,0.0,0.7435897435897436,0.0,0.5,0.5924099318089806,0.30225304135207076,0
1.0,0.0,0.0,0.0,0.0,0.7435897435897436,1.0,0.5,0.6878152198007361,0.37743123729086236,0
0.0,0.0,0.0,1.0,0.0,0.7435897435897436,1.0,0.0,0.5321892203889793,0.21286026850838202,0
1.0,1.0,0.6666666666666666,1.0,0.0,0.7435897435897436,1.0,0.5,0.35907859447116597,0.24906952642685165,1
1.0,0.0,0.0,0.0,0.0,0.7435897435897436,1.0,0.5,0.4053642104173878,0.13654475006632327,1
1.0,1.0,1.0,0.0,1.0,0.7435897435897436,1.0,0.0,0.5441358669126808,0.3956693467052579,1
1.0,1.0,0.6666666666666666,0.0,1.0,0.7435897435897436,1.0,0.0,0.9113770684359317,0.5831967727422163,1
1.0,0.0,0.0,0.0,0.0,0.7435897435897436,1.0,0.5,0.6017114746069032,0.3837095763478484,0
1.0,1.0,0.6666666666666666,0.0,1.0,0.7435897435897436,1.0,0.0,0.8685749161111249,0.6195870300750925,1
1.0,1.0,0.0,0.0,0.0,0.7435897435897436,1.0,0.5,0.5663503138676842,0.2388291280770407,1
1.0,1.0,0.3333333333333333,1.0,0.0,0.7435897435897436,0.0,0.5,0.6553086672877024,0.3817946343676708,1
1.0,0.0,0.3333333333333333,1.0,0.0,0.7435897435897436,1.0,0.5,0.5297253403669755,0.25201741580559633,1
1.0,0.0,0.0,1.0,0.0,0.7435897435897436,1.0,0.5,0.6053315212724693,0.3842958301316528,1
1.0,1.0,0.0,0.0,0.0,0.7435897435897436,1.0,0.0,0.7240866269056878,0.37466940760307055,1
1.0,1.0,1.0,0.0,0.0,0.7435897435897436,1.0,1.0,0.5441358669126808,0.27005135907182765,1
1.0,0.0,0.6666666666666666,0.0,0.0,0.7435897435897436,0.0,0.0,0.5663503138676842,0.22621866385423162,0
1.0,0.0,0.3333333333333333,0.0,0.0,0.7435897435897436,1.0,0.5,0.7013347724630472,0.5098973993021969,0
0.0,0.0,0.0,1.0,1.0,0.7435897435897436,1.0,1.0,0.5961747864008986,0.6288462470707648,1
1.0,0.0,0.0,1.0,0.0,0.7435897435897436,1.0,0.0,0.5980348624282088,0.2874589532960974,1
1.0,1.0,0.0,0.0,0.0,0.7435897435897436,1.0,1.0,0.8191301955454959,0.4816234844235885,1
1.0,0.0,0.6666666666666666,0.0,0.0,0.7435897435897436,1.0,0.5,0.5599033792959471,0.22821675220187898,1
1.0,1.0,0.0,1.0,0.0,0.7435897435897436,1.0,0.0,0.44756284256837575,0.21669951443058033,0
1.0,1.0,1.0,0.0,0.0,0.358974358974359,1.0,0.0,0.6494259010782846,0.370526223832641,1
0.0,1.0,0.3333333333333333,0.0,0.0,0.358974358974359,1.0,0.5,0.6226406750481968,0.40767965519563254,1
0.0,0.0,0.0,0.0,0.0,0.7435897435897436,0.0,0.5,0.5417945700620366,0.09772587653106224,0
0.0,0.0,0.3333333333333333,0.0,0.0,0.7435897435897436,1.0,0.5,0.5321892203889793,0.23060701758242064,1
1.0,1.0,0.3333333333333333,1.0,0.0,0.7435897435897436,1.0,1.0,0.6017114746069032,0.2965345816572269,1
0.0,1.0,0.0,1.0,0.0,0.7435897435897436,1.0,0.5,0.548749708701965,0.23250279830637344,1
1.0,1.0,0.0,0.0,0.0,0.7435897435897436,1.0,0.0,0.6464284287958955,0.29417823658572195,1
1.0,0.0,0.0,1.0,0.0,0.05128205128205128,1.0,0.5,0.4922122502111592,0.2097751130688199,0
1.0,0.0,0.0,0.0,0.0,0.7435897435897436,1.0,0.0,0.6308400549002335,0.27166956641539985,1
0.0,0.0,0.0,0.0,0.0,0.7435897435897436,0.0,0.5,0.5510231408041399,0.3085885559574384,0
1.0,1.0,0.0,0.0,0.0,0.7435897435897436,1.0,0.0,0.5663503138676842,0.2985071150850793,1
1.0,1.0,0.6666666666666666,0.0,1.0,0.7435897435897436,0.0,0.0,0.6017114746069032,0.3787445846702975,0
1.0,1.0,0.3333333333333333,1.0,0.0,0.7435897435897436,1.0,0.0,0.6017114746069032,0.3018962828929481,1
1.0,1.0,0.3333333333333333,0.0,0.0,0.7435897435897436,1.0,1.0,0.650910438444966,0.3768662403951011,1
1.0,1.0,0.0,1.0,0.0,0.7435897435897436,0.0,1.0,0.6826998359008472,0.2977822142428679,0
1.0,1.0,0.0,0.0,0.0,0.358974358974359,0.0,0.0,0.6088967166312764,0.4208472980881053,0
1.0,1.0,0.3333333333333333,0.0,0.0,0.7435897435897436,1.0,0.5,0.23371054514286027,0.37371646883405707,1
0.0,0.0,0.0,0.0,0.0,0.7435897435897436,1.0,1.0,0.5035541272648951,0.2706883418079118,1
1.0,1.0,1.0,0.0,1.0,0.7435897435897436,1.0,0.5,0.7675281346058094,0.48408414244493403,1
1.0,1.0,0.0,0.0,0.0,0.7435897435897436,1.0,0.5,0.6567566619625722,0.37584599456764534,1
0.0,1.0,0.0,0.0,0.0,0.7435897435897436,1.0,0.5,0.6839891453848477,0.3731812211569123,1
1.0,1.0,0.6666666666666666,1.0,0.0,0.7435897435897436,1.0,0.5,0.5620720434227042,0.2479945897788005,1
0.0,1.0,0.3333333333333333,0.0,1.0,0.7435897435897436,1.0,0.5,0.9637845297530565,0.6462488778467208,1
1.0,1.0,0.0,0.0,0.0,0.7435897435897436,1.0,0.0,0.7186015675297539,0.42454693046886693,1
1.0,0.0,0.0,1.0,1.0,0.7435897435897436,1.0,0.5,0.6088967166312764,0.3454311839453055,1
1.0,1.0,0.6666666666666666,0.0,0.0,0.7435897435897436,0.0,1.0,0.7657181380491793,0.44889409182344386,0
1.0,1.0,0.0,1.0,0.0,0.7435897435897436,1.0,0.0,0.5866472341800641,0.2806083265977175,1
1.0,0.0,0.0,0.0,0.0,0.7435897435897436,1.0,1.0,0.46120715105597054,0.20792034303477602,1
1.0,1.0,1.0,0.0,0.0,0.7435897435897436,0.0,0.0,0.5924099318089806,0.34967463644865737,0
0.0,0.0,0.0,0.0,0.0,0.7435897435897436,1.0,1.0,0.0,0.12412824475899376,0
1.0,1.0,0.0,0.0,0.0,0.7435897435897436,0.0,1.0,0.5532748172415494,0.31975228623334506,0
1.0,1.0,0.3333333333333333,0.0,0.0,0.7435897435897436,1.0,1.0,0.6890768764004522,0.316743972322856,1
1.0,1.0,0.0,0.0,0.0,0.7435897435897436,0.0,1.0,0.6610479369888751,0.37626215649104977,0
1.0,1.0,0.6666666666666666,0.0,0.0,0.7435897435897436,1.0,1.0,0.7806767166160082,0.6074642666173216,1
1.0,1.0,0.6666666666666666,1.0,0.0,1.0000000000000002,1.0,0.5,0.6903318041329845,0.41738015552708574,0
1.0,1.0,1.0,0.0,0.0,0.7435897435897436,1.0,0.5,0.638763308271755,0.37010032712268237,0
1.0,1.0,0.6666666666666666,0.0,0.0,0.15384615384615388,1.0,1.0,0.5620720434227042,0.22842253618554698,1
1.0,1.0,0.0,0.0,0.0,0.7435897435897436,0.0,0.5,0.6158690309631798,0.3229121066895251,0
1.0,0.0,0.0,0.0,0.0,0.7435897435897436,1.0,1.0,0.5663503138676842,0.35251930592044256,1
1.0,1.0,0.3333333333333333,0.0,0.0,0.7435897435897436,1.0,0.0,0.5599033792959471,0.2540664923229887,1
1.0,0.0,0.0,0.0,0.0,0.7435897435897436,1.0,1.0,0.6553086672877024,0.35790927075785706,1
1.0,1.0,0.6666666666666666,0.0,0.0,0.7435897435897436,1.0,0.5,0.7118461257785085,0.3752394201640368,1
1.0,0.0,0.0,0.0,0.0,0.7435897435897436,1.0,1.0,0.5196034188243037,0.7964019688353228,0
0.0,1.0,0.0,0.0,0.0,0.7435897435897436,1.0,0.5,0.30784860879938536,0.19516181039993596,1
1.0,1.0,0.3333333333333333,0.0,0.0,0.7435897435897436,1.0,0.0,0.4293135147324372,0.0658134471084828,0
1.0,1.0,0.3333333333333333,0.0,0.0,0.7435897435897436,0.0,0.0,0.6324461935058503,0.29344056688577314,0
1.0,1.0,0.3333333333333333,0.0,0.0,0.15384615384615388,1.0,0.0,0.6707666561616454,0.40195171468492163,0
1.0,1.0,0.0,0.0,0.0,0.7435897435897436,1.0,1.0,0.5532748172415494,0.24170547618543048,1
0.0,0.0,0.0,1.0,0.0,0.7435897435897436,1.0,0.5,0.46120715105597054,0.10084021040933444,1
1.0,0.0,0.0,0.0,0.0,0.7435897435897436,1.0,0.5,0.5297253403669755,0.295856153761193,1
1.0,1.0,0.6666666666666666,0.0,1.0,0.7435897435897436,0.0,0.5,0.557714541259793,0.15802367166230158,0
1.0,1.0,0.0,0.0,0.0,0.358974358974359,1.0,0.5,0.4095288924497814,0.3704875361251869,1
1.0,1.0,0.6666666666666666,0.0,1.0,0.4871794871794872,1.0,0.5,0.7118461257785085,0.35384677902213135,0
1.0,0.0,1.0,0.0,1.0,0.7435897435897436,1.0,0.5,0.7947409117076774,0.46415821348639663,1
1.0,1.0,0.0,0.0,0.0,0.358974358974359,1.0,0.0,0.6259547916955599,0.39768873029619667,1
1.0,1.0,0.0,0.0,1.0,0.7435897435897436,1.0,1.0,0.7675281346058094,0.5991946241747146,1
1.0,0.0,0.0,1.0,0.0,0.7435897435897436,1.0,0.0,0.5663503138676842,0.24261373355295812,1
1.0,1.0,0.6666666666666666,1.0,1.0,0.7435897435897436,1.0,0.0,0.6903318041329845,0.405337073408387,0
1.0,0.0,0.0,0.0,0.0,0.7435897435897436,0.0,0.5,0.5143743504713745,0.18071685108380975,0
1.0,1.0,0.0,0.0,1.0,0.7435897435897436,1.0,0.0,0.6814034227474848,0.4797369371024265,1
1.0,1.0,0.6666666666666666,0.0,0.0,0.7435897435897436,1.0,1.0,0.6965079695239753,0.3445737202642032,1
0.0,0.0,1.0,0.0,0.0,0.358974358974359,1.0,1.0,0.8372390047794065,0.8374288481385592,0
1.0,1.0,0.0,1.0,0.0,0.7435897435897436,1.0,0.0,0.6464284287958955,0.3405034920248078,1
1.0,1.0,1.0,0.0,0.0,0.7435897435897436,1.0,1.0,0.6017114746069032,0.34124455695132583,1
1.0,0.0,0.0,0.0,0.0,0.7435897435897436,1.0,0.0,0.6707666561616454,0.42454693046886693,1
0.0,1.0,0.3333333333333333,0.0,0.0,0.7435897435897436,1.0,0.5,0.9190766803057646,0.5259195384159849,1
1.0,1.0,0.0,1.0,0.0,0.358974358974359,1.0,1.0,0.6017114746069032,0.3619864479145398,0
1.0,1.0,0.3333333333333333,0.0,0.0,0.7435897435897436,1.0,0.5,0.6721228466140536,0.34967463644865737,1
1.0,1.0,0.6666666666666666,1.0,0.0,0.7435897435897436,1.0,0.0,0.6494259010782846,0.3276006847552029,1
1.0,1.0,0.0,0.0,0.0,0.7435897435897436,1.0,0.0,0.5620720434227042,0.31746355072845067,1
0.0,0.0,0.0,0.0,0.0,0.7435897435897436,1.0,0.0,0.4644980913041916,0.1733805328202871,1
1.0,1.0,1.0,0.0,0.0,0.358974358974359,1.0,0.0,0.33200296619242564,0.2596913596704613,1
1.0,1.0,0.3333333333333333,0.0,0.0,0.7435897435897436,1.0,1.0,0.7611312795047522,0.43475931494532927,1
1.0,1.0,0.6666666666666666,0.0,0.0,0.7435897435897436,1.0,1.0,0.6903318041329845,0.4119723791121095,1
0.0,0.0,0.0,0.0,1.0,0.7435897435897436,0.0,0.5,0.6106592596449192,0.28697197367854854,0
